1486488893
1489300767
1489624256
1487871474
1495301771
1487247500
1497369473
1484568494
1485789467
1493723312
1486452777
1493104388
1486529892
1496384469
1484357872
1490583770
1484914084
1485626591
1488212751
1499404881
1490977182
1486438343
1488256104
1495477129
1487028845
1496492196
1493034941
1496625662
1488972502
1493439151
1496738813
1486493391
1496312836
1485989509
1491706176
1488321763
1490036691
1499836265
1487552508
1496717114
1493166424
1484258008
1491109384
1490755948
1499000146
1495154119
1489874680
1485099626
1491550988
1489640140
1500879157
1499745636
1497255722
1497458361
1487373558
1488445313
1490575202
1493265260
1484785173
1493962926
1485337985
1495628871
1491466459
1487735587
1488598829
1489789807
1498874357
1488463180
1494371380
1489608396
1495106929
1491232435
1495337341
1489569316
1495638162
1497177524
1488640873
1498978651
1500184728
1485403189
1489848373
1491017481
1493570180
1490116195
1492608571
1491507763
1494390393
1489647104
1497475644
1495974569
1485650009
1491284019
1488975849
1494437699
1484932119
1487188156
1500106057
1497121548
1493946710
1498108131
1486479509
1495782630
1489815123
1492741196
1498283522
1493184697
1498930529
1491944086
1488323137
1498460532
1485816852
1497662679
1488681827
1501078665
1499806145
1498882211
1494137032
1491308355
1501001124
1492799721
1487814809
1490382017
1488078335
1491803648
1494487808
1484219263
1486012543
1491575820
1496292182
1493536171
1489770351
1491499280
1490806017
1489538613
1498008632
1498799258
1484150390
1495877670
1486411916
1501000751
1501006384
1494074707
1490289937
1496276223
1499081457
1492385067
1490165255
1500979922
1498812767
1485357579
1485993967
1490435590
1492161033
1485052058
1493074570
1497227064
1488426215
1487504243
1487168060
1489953387
1497369283
1494090442
1498937012
1492865340
1487114487
1485112067
1494362916
1497596279
1500692987
1487717987
1497918103
1490836257
1491444445
1489884859
1489860653
1495701442
1484630194
1496002549
1489617516
1500091703
1492249296
1484307528
1499169539
1486221677
1492092361
1490330283
1489090926
1493015963
1496449356
1494499005
1499814893
1488809268
1491341878
1499565282
1486110752
1493944455
1488104249
1493775775
1491822860
1498405727
1500092844
1489961719
1490603147
1498477362
1496560676
1487555985
1489536996
1496476431
1497620851
1493535247
1484702782
1499944037
1489486525
1501037970
1485325243
1496524446
1492182944
1499168907
1497298973
1485205593
1493298727
1496335355
1497663908
1492922766
1489593165
1491543310
1494665889
1488005020
1485129432
1497130374
1500046525
1487496827
1485468366
1493789160
1492175434
1494647759
1489532335
1494562945
1499336663
1485865418
1496147105
1491549016
1489576319
1495547550
1491562204
1491595859
1492307812
1497750190
1485968502
1487400881
1484748168
1494818001
1492807655
1489077816
1493908106
1491003375
1494378275
1490631835
1489111356
1489696869
1499599698
1490942107
1487888664
1500680958
1494844287
1494628591
1490122933
1497595961
1500423483
1497676845
1488593401
1497021005
1496593467
1499915033
1485120126
1492721172
1497657923
1497581437
1497647922
1495454692
1487832011
1485826527
1500050191
1485451573
1492026630
1484077104
1500081516
1493589974
1495213394
1493531443
1484364193
1485576185
1484376876
1489524268
1485422389
1488010182
1487523403
1486371116
1499646851
1499576061
1497896854
1487254561
1485126144
1493527532
1497568098
1501286945
1487900611
1499003675
1484949730
1487275406
1491276175
1491453557
1486878893
1486356656
1496412124
1492189356
1500103563
1487748010
1486914738
1495101585
1498948102
1488413949
1493230369
1494798273
1487197085
1489204801
1494822250
1485926069
1487490802
1494759114
1494805869
1495909553
1489674369
1500217351
1491947115
1494791220
1487150232
1486223044
1488066337
1485182701
1497576446
1485046772
1486847898
1488425676
1487213522
1490867520
1498467418
1497983765
1498673117
1499076627
1497654350
1494005771
1493742311
1496333756
1486255566
1490503363
1490160780
1489086337
1496658061
1500763742
1485144297
1499915137
1493360169
1500806116
1498909347
1489792172
1488187497
1487512239
1485407584
1486463900
1496959096
1497606384
1487967844
1487320900
1493991832
1501251304
1490050343
1494304942
1486482043
1500170162
1490838948
1488111642
1501105064
1485666070
1488987800
1491163969
1495376441
1484529398
1495408622
1488907302
1491256390
1490383575
1498712111
1493012534
1496972783
1486103327
1485605002
1499270110
1490480759
1497400063
1488656772
1492771631
1500886362
1484168956
1499074551
1489435804
1497759712
1488318448
1500017237
1493477939
1499917242
1486277132
1499997079
1489687308
1493142525
1487789933
1485639457
1492219562
1493778050
1484987175
1485742627
1492046825
1498212691
1491023667
1499339994
1486311842
1490242691
1496002508
1491327186
1494580908
1498496106
1484125515
1488514764
1498116524
1486046899
1490323147
1485261876
1486327945
1492124481
1497398065
1484304044
1493969335
1484464499
1499103935
1494697374
1487944423
1498020143
1499320028
1499075178
1495754859
1485669484
1485811747
1491304679
1490284697
1495360753
1498427343
1488728435
1498170497
1492691376
1499507812
1490073971
1497309010
1499956289
1497420420
1484201777
1493565911
1500936956
1493204045
1499475236
1490924764
1499622762
1484137518
1487827040
1490567820
1486499264
1498310263
1493441587
1490031555
1496271339
1494768803
1489879492
1493544836
1501186503
1485445536
1493196990
1491202646
1495851892
1499048308
1485251978
1489558814
1495291457
1485928668
1499646997
1487104611
1485146135
1498897919
1501143416
1494390057
1490592252
1494961049